4	4
8	4
5	3
7	4
2	4
10	2
5	9
8	1
8	9
4	1
9	35
89	39
37	30
36	95
3	11
2	72
46	15
14	54
73	9
55	92
15	59
23	7
100	40
36	52
29	61
30	34
77	13
92	9
48	26
88	5
12	35
67	89
1	41
56	86
8	70
37	6
47	41
90	27
18	54
52	39
53	21
54	77
63	5
85	67
48	69
70	39
44	46
1	67
41	92
27	34
23	18
29	95
80	77
28	82
78	72
91	84
25	2
26	97
1	96
94	91
52	40
1	70
92	90
98	18
27	54
77	49
22	8
10	87
37	91
65	26
26	6
82	13
92	32
16	44
19	6
49	76
40	1
64	66
77	62
39	90
1	58
33	29
14	88
71	94
74	73
15	30
76	18
35	74
91	44
74	32
28	28
50	100
37	46
2	97
32	91
33	8
56	21
42	50
56	24
50	81
74	93
83	40
98	76
15	16
80	47
64	73
99	77
52	74
93	52
80	71
991	844
702	853
927	122
394	648
110	114
714	240
969	529
151	938
798	470
117	660
227	719
743	653
423	675
672	111
373	220
971	894
144	309
970	176
523	426
474	202
651	735
932	305
621	912
43	884
625	48
485	506
218	454
495	884
665	608
327	893
419	305
330	788
302	364
139	980
946	746
227	722
56	4
561	165
509	994
353	642
29	941
684	949
267	819
883	884
866	481
35	878
204	761
982	81
524	392
650	390
988	927
375	842
741	156
290	373
656	129
432	735
153	598
458	246
639	845
483	165
830	537
846	832
365	880
477	180
810	928
947	186
214	363
123	324
558	889
486	51
790	389
909	661
505	343
549	798
719	715
9	472
992	322
459	181
75	540
256	836
909	266
441	868
16	260
616	688
90	121
433	501
717	511
613	48
858	525
372	78
75	994
126	473
197	412
476	825
981	956
369	739
680	878
463	63
376	759
394	740
639	978
729	210
103	385
179	598
174	755
18	768
242	334
549	956
862	183
55	495
728	681
123	536
891	682
281	999
972	805
566	477
444	656
595	401
882	600
831	10
588	814
88	744
524	993
619	203
3	787
117	46
964	315
75	877
567	594
384	865
100	278
330	913
522	407
447	743
817	357
761	46
736	208
552	153
266	182
755	967
398	374
386	158
345	794
639	421
343	644
223	464
179	54
85	925
899	554
330	92
880	439
248	657
142	715
807	127
673	500
153	809
802	582
657	645
712	622
356	822
19	71
91	270
459	676
68	21
330	554
21	55
453	570
398	867
843	11
759	975
750	143
669	94
675	23
583	98
666	6
176	300
202	185
735	338
208	158
498	722
373	295
245	242
317	465
761	640
552	805
954	107
958	271
901	751
261	481
197	325
283	560
275	202
879	717
94	271
334	698
155	672
276	608
351	590
398	215
337	690
107	709
659	104
667	631
720	143
798	96
324	997
129	147
978	736
121	4
568	769
910	205
437	523
33	609
373	46
393	599
747	762
257	824
368	550
971	285
25	868
553	487
332	757
207	424
741	848
201	630
134	274
490	68
150	982
363	971
302	105
212	956
580	284
297	327
502	290
362	535
192	660
362	140
477	54
5	501
416	131
495	514
449	225
524	871
802	766
638	339
741	758
563	228
982	580
189	25
410	971
726	921
963	716
116	486
381	103
789	252
323	142
652	132
995	802
674	299
151	364
949	990
424	754
143	936
417	50
306	690
570	742
848	248
301	737
441	731
836	630
717	929
803	54
741	403
303	656
331	332
591	983
710	976
920	820
536	492
588	115
669	580
596	969
657	28
560	752
658	117
114	22
389	887
688	793
175	838
615	571
745	347
838	946
40	99
979	120
651	865
542	733
219	715
602	904
204	367
760	519
947	67
144	871
89	785
43	857
674	716
284	982
36	949
689	950
534	614
892	553
544	367
340	57
815	527
749	452
304	425
545	47
303	852
161	847
801	415
362	3
93	756
725	874
659	652
225	927
684	797
219	761
184	484
37	961
838	605
621	631
157	361
623	938
583	313
41	88
337	819
265	214
247	191
995	343
503	29
304	240
609	337
367	242
425	123
929	932
512	695
662	913
943	982
829	917
696	497
680	997
551	779
256	246
565	416
780	377
970	657
932	45
491	420
3	480
934	644
372	405
238	864
132	69
696	257
955	128
419	841
415	729
172	6
425	491
758	542
808	984
220	311
32	80
138	229
814	795
147	200
40	235
912	412
607	81
407	342
260	469
332	167
960	5
912	147
460	952
836	46
321	226
483	914
943	590
332	745
7	75
426	63
227	336
274	166
709	667
914	185
497	34
603	794
137	673
601	191
137	415
593	644
638	825
682	138
515	144
178	228
696	716
474	810
866	776
70	422
507	944
789	674
514	121
590	433
208	478
661	41
269	276
544	358
471	897
773	542
635	605
933	520
666	667
87	225
364	551
636	197
91	663
638	844
282	186
472	792
352	867
912	589
784	133
709	202
166	362
189	75
29	692
772	377
38	921
300	910
84	129
530	782
967	195
246	38
363	573
273	252
526	129
287	247
766	425
155	499
295	548
477	982
911	655
408	235
487	451
833	193
191	237
567	95
785	317
447	114
583	651
459	879
20	457
586	465
97	645
630	592
362	794
673	204
118	593
466	218
785	51
485	217
508	985
680	856
525	126
88	878
275	865
175	200
403	794
280	624
845	5
585	745
555	839
30	209
317	572
710	549
315	68
971	422
998	178
812	687
512	323
481	277
441	190
279	739
376	734
893	665
293	679
377	700
382	696
238	296
947	82
856	893
55	851
60	317
111	520
361	395
747	16
207	247
712	926
897	202
51	752
263	273
664	776
443	653
601	235
552	903
768	503
180	713
158	869
811	218
863	618
63	776
280	985
899	807
135	61
500	483
556	763
656	355
293	187
933	468
42	580
711	666
717	161
785	961
613	146
766	805
288	518
628	547
233	225
41	998
411	684
591	962
402	883
787	132
275	751
837	72
51	841
261	656
292	394
821	354
123	73
161	181
60	63
922	511
391	618
685	673
881	941
886	939
751	727
255	588
706	825
464	398
54	649
78	387
739	918
726	109
454	779
897	918
43	322
261	971
659	770
502	196
512	537
749	696
897	252
623	372
335	863
881	73
200	149
66	740
1	526
350	20
616	330
574	283
1000	58
8	801
310	110
621	751
224	769
719	788
825	80
486	237
275	192
139	557
892	146
884	951
679	187
226	495
650	55
204	973
373	794
769	481
781	240
141	989
528	114
488	231
726	791
930	771
29	760
724	676
405	279
772	639
758	905
87	553
939	23
106	216
427	443
639	794
809	30
40	455
943	50
529	624
928	298
178	892
155	828
833	130
677	810
846	916
656	884
446	510
23	953
878	633
668	202
241	91
942	182
857	880
832	244
644	332
348	177
610	45
18	896
640	50
913	935
878	429
12	404
423	31
969	126
473	570
173	353
41	952
526	656
451	634
520	972
186	662
710	158
513	651
626	879
759	903
573	836
327	769
107	187
381	781
495	84
546	816
897	897
142	476
257	464
95	289
766	339
167	509
501	451
631	942
730	957
776	434
391	817
859	466
314	237
41	282
760	701
941	815
55	577
722	339
926	625
180	734
473	355
769	489
622	520
182	667
456	873
716	656
502	510
837	573
773	271
704	560
615	606
575	408
713	577
460	802
344	391
981	177
67	407
446	318
358	30
100	733
975	255
884	214
692	197
994	448
365	122
128	190
247	42
838	212
907	172
564	570
679	949
491	886
37	276
954	952
707	473
169	452
453	791
567	945
833	146
156	759
124	100
381	947
337	345
6	505
656	995
31	96
724	569
97	78
225	441
966	490
2	5
146	336
997	353
830	221
40	342
823	943
438	692
710	114
672	118
70	928
442	217
992	646
276	569
357	632
527	723
470	137
603	228
905	760
498	986
412	11
913	686
141	552
312	925
450	447
773	685
362	414
533	924
706	180
55	361
673	605
811	881
462	361
316	543
352	523
436	333
957	390
770	889
681	320
60	429
225	413
956	708
263	837
722	214
969	901
309	922
892	85
397	36
164	312
789	928
986	140
84	41
708	435
798	370
289	581
675	996
171	505
853	939
931	68
109	427
81	934
85	168
400	75
893	590
205	828
516	23
466	992
97	269
953	224
388	93
485	705
826	240
748	110
429	354
750	825
174	841
81	869
549	102
335	866
543	5
975	784
904	961
284	670
530	188
577	281
869	337
527	971
609	483
161	284
600	381
649	205
888	813
832	511
869	356
69	588
936	931
472	580
555	945
637	17
271	699
727	461
78	191
943	17
464	282
6	316
473	268
233	213
794	481
540	68
380	194
320	582
172	623
835	804
341	732
304	492
327	204
114	196
311	473
664	865
306	814
899	135
608	673
885	172
198	855
678	70
565	670
381	618
61	985
572	572
624	731
878	114
392	36
599	58
56	328
296	800
724	920
537	747
691	727
964	646
19	488
249	547
443	444
465	206
803	523
966	508
123	353
200	334
906	192
315	402
406	832
183	673
484	991
530	474
694	127
605	600
634	655
258	495
541	685
977	488
97	799
167	587
764	800
478	117
455	428
883	805
928	269
233	163
732	597
438	667
55	388
68	388
644	206
168	233
501	813
798	417
292	221
713	282
94	73
690	894
515	943
932	805
891	560
623	973
808	358
157	358
323	730
71	294
791	839
374	969
685	483
616	488
326	896
313	177
500	496
566	724
582	683
812	692
592	914
102	604
123	175
903	324
846	996
299	39
589	152
25	594
171	563
610	381
443	26
4	227
193	728
899	802
833	961
343	91
558	722
115	806
715	689
210	660
5	614
456	73
800	247
743	767
520	449
794	53
661	477
301	656
736	1000
955	229
616	195
987	291
562	279
151	176
242	898
770	950
800	354
57	581
959	309
949	751
413	710
144	581
818	489
854	580
29	134
594	62
867	724
384	810
146	783
369	811
819	953
517	230
137	687
183	445
836	108
866	32
67	148
610	558
44	878
765	813
522	950
755	300
254	601
360	803
383	970
636	368
449	890
761	755
944	875
799	473
648	593